[section sign] DEMO on 2024-10-10 06:11:14 rot_test 10.000 rotation_best_modelrmae:0.044/0.044 tmae:0.020234/0.018
0 0   0 0 0 0 0 0   0 0 0 0 0 0
-0.124426131 -0.991851457 -0.027367990 7213.231893925 0.992223857 -0.124290578 -0.006606276 -1571.280432176 0.003150860 -0.027977169 0.999603576 212.264524026
-0.126406193 -0.991162935 -0.040218284 7213.265915952 0.991978565 -0.126302259 -0.005124950 -1571.123260639 -0.000000000 -0.040543501 0.999177774 211.957000000
0 0   0 0 0 0 0 1   0 0 0 0 0 1
-0.137698534 -0.990165856 -0.024716373 7213.075186884 0.990465514 -0.137549774 -0.007629183 -1569.675718649 0.004154424 -0.025531245 0.999665384 212.365382345
-0.134105069 -0.990218709 -0.038506349 7213.035094388 0.990961757 -0.133875246 -0.008497871 -1569.327024730 0.003259704 -0.039297927 0.999222221 211.954000000
0 0   0 0 0 0 0 2   0 0 0 0 0 2
-0.145420687 -0.989092461 -0.023436354 7212.738902531 0.989354958 -0.145246958 -0.008960979 -1567.655284200 0.005459177 -0.024489986 0.999685194 212.304974437
-0.141700969 -0.989229764 -0.036678467 7212.791554650 0.989900107 -0.141440837 -0.009605595 -1567.533731976 0.004314308 -0.037669141 0.999280953 211.959000000
0 0   0 0 0 0 0 3   0 0 0 0 0 3
-0.140262483 -0.989797098 -0.025072361 7212.998715306 0.990096111 -0.140060624 -0.009642438 -1566.447716257 0.006032405 -0.026176522 0.999639173 212.406712420
-0.148720366 -0.988208926 -0.036405660 7212.534924579 0.988869457 -0.148453883 -0.009931849 -1565.735792348 0.004410180 -0.037477514 0.999287739 211.967000000
0 0   0 0 0 0 0 4   0 0 0 0 0 4
-0.158055857 -0.987123323 -0.024624906 7212.177044202 0.987341164 -0.157657325 -0.017374714 -1564.251269835 0.013268685 -0.027059362 0.999545763 212.282490156
-0.155164717 -0.987077651 -0.040020260 7212.264225483 0.987883234 -0.154902825 -0.009582787 -1563.935539777 0.003259704 -0.041022255 0.999152916 211.976000000
0 0   0 0 0 0 0 5   0 0 0 0 0 5
-0.162276567 -0.986249049 -0.031298290 7211.953441370 0.986745430 -0.162200101 -0.004983841 -1562.651696697 -0.000161274 -0.031692209 0.999497592 212.386221511
-0.161223626 -0.986012092 -0.042274058 7211.977035018 0.986914990 -0.160971150 -0.009332286 -1562.131438425 0.002396843 -0.043225487 0.999062467 211.983000000
0 0   0 0 0 0 0 6   0 0 0 0 0 6
-0.169169375 -0.985139019 -0.029720595 7211.622150861 0.985586983 -0.169079903 -0.005516893 -1560.531480598 0.000409753 -0.030225528 0.999542917 212.392623430
-0.167086208 -0.985090713 -0.040969333 7211.674909310 0.985933265 -0.166762575 -0.011217836 -1560.320036076 0.004218435 -0.042267374 0.999097430 211.985000000
0 0   0 0 0 0 0 7   0 0 0 0 0 7
-0.173304406 -0.984473253 -0.027901376 7211.200416963 0.984867987 -0.173211259 -0.005740706 -1558.770740406 0.000818736 -0.028474071 0.999594076 212.324016779
-0.173320116 -0.984143440 -0.037707107 7211.364239187 0.984848743 -0.172966460 -0.012472228 -1558.504699798 0.005752396 -0.039297485 0.999210998 211.991000000
0 0   0 0 0 0 0 8   0 0 0 0 0 8
-0.179992107 -0.983440190 -0.021182487 7211.010710185 0.983657749 -0.179850128 -0.008444007 -1556.899389813 0.004494501 -0.022356186 0.999739818 212.334465113
-0.179644138 -0.983106195 -0.035074098 7211.044434170 0.983722618 -0.179375375 -0.010690467 -1556.690447459 0.004218435 -0.036423664 0.999327535 212.002000000
0 0   0 0 0 0 0 9   0 0 0 0 0 9
-0.189444214 -0.981666720 -0.021019435 7210.760418799 0.981891171 -0.189386026 -0.004745145 -1555.060760076 0.000677363 -0.021537753 0.999767623 212.417581326
-0.185959451 -0.982026038 -0.032310100 7210.711481213 0.982549168 -0.185722558 -0.010210934 -1554.866192539 0.004026689 -0.033645082 0.999425732 212.009000000
0 0   0 0 0 0 1 0   0 0 0 0 1 0
-0.188698627 -0.981783852 -0.022220053 7210.259672392 0.982034887 -0.188640668 -0.004696536 -1553.243522268 0.000419377 -0.022707113 0.999741854 212.423655858
-0.191984127 -0.980903255 -0.031159255 7210.364687526 0.981386323 -0.191729965 -0.010977468 -1553.035755349 0.004793672 -0.032686766 0.999454149 212.016000000
0 0   0 0 0 0 1 1   0 0 0 0 1 1
-0.196883185 -0.980224415 -0.019935017 7209.963147068 0.980426732 -0.196831649 -0.004535316 -1551.468260232 0.000521787 -0.020437767 0.999790728 212.427735299
-0.198189926 -0.979707323 -0.029905077 7210.004130398 0.980150465 -0.197936828 -0.011228461 -1551.201249679 0.005081289 -0.031536843 0.999489674 212.024000000
0 0   0 0 0 0 1 2   0 0 0 0 1 2
-0.198921448 -0.979794627 -0.020806474 7209.512034218 0.980014776 -0.198854341 -0.005267362 -1549.728799978 0.001023475 -0.021438460 0.999769309 212.355254414
-0.204106361 -0.978499630 -0.029649087 7209.669371306 0.978935531 -0.203852775 -0.011369793 -1549.545180146 0.005081289 -0.031345192 0.999495703 212.033000000
0 0   0 0 0 0 1 3   0 0 0 0 1 3
-0.209982970 -0.977532928 -0.018346843 7209.313097056 0.977704835 -0.209937903 -0.004370486 -1547.848218254 0.000420600 -0.018855543 0.999821734 212.435463299
-0.210952658 -0.977048956 -0.029568787 7209.284865024 0.977483072 -0.210696028 -0.011577020 -1547.701260220 0.005081289 -0.031345192 0.999495703 212.042000000
0 0   0 0 0 0 1 4   0 0 0 0 1 4
-0.214684255 -0.976504302 -0.018707871 7208.973776508 0.976681260 -0.214604334 -0.006202649 -1545.874993758 0.002042122 -0.019603255 0.999805313 212.409374260
-0.217974136 -0.975548098 -0.028163540 7208.884076956 0.975933407 -0.217688706 -0.012869058 -1545.850082039 0.006423500 -0.030290861 0.999520486 212.051000000
0 0   0 0 0 0 1 5   0 0 0 0 1 5
-0.222287832 -0.974822583 -0.017573695 7208.535373338 0.974977907 -0.222206189 -0.006492940 -1544.086703402 0.002424480 -0.018577283 0.999823994 212.423040167
-0.225078638 -0.973939310 -0.027961178 7208.470323988 0.974316149 -0.224776979 -0.013540770 -1543.994440466 0.006902859 -0.030290765 0.999517294 212.063000000
0 0   0 0 0 0 1 6   0 0 0 0 1 6
-0.226208208 -0.973876351 -0.019858059 7208.144211596 0.974078055 -0.226136166 -0.005829217 -1542.225722316 0.001186308 -0.020661934 0.999785288 212.491030696
-0.232360394 -0.972229131 -0.027913510 7208.041989538 0.972614406 -0.232099771 -0.012284654 -1542.137569091 0.005464779 -0.030003549 0.999534853 212.077000000
0 0   0 0 0 0 1 7   0 0 0 0 1 7
-0.231085894 -0.972761403 -0.018277224 7207.779933659 0.972885139 -0.230847041 -0.014273514 -1540.324845651 0.009665474 -0.021080062 0.999730520 212.477820381
-0.239814814 -0.970400541 -0.028489372 7207.597642696 0.970809487 -0.239581754 -0.011380835 -1540.273688883 0.004218435 -0.030387046 0.999529305 212.088000000
0 0   0 0 0 0 1 8   0 0 0 0 1 8
-0.234501541 -0.971923871 -0.019299213 7207.310517074 0.972115099 -0.234435889 -0.005625564 -1538.350601032 0.000943185 -0.020080275 0.999797400 212.440752487
-0.247252231 -0.968502404 -0.029486062 7207.137242160 0.968935741 -0.246962165 -0.013161270 -1538.402677081 0.005464779 -0.031824252 0.999478541 212.095000000
0 0   0 0 0 0 1 9   0 0 0 0 1 9
-0.242514100 -0.969921447 -0.020945942 7206.869258293 0.970136452 -0.242350707 -0.010051017 -1536.510272473 0.004672427 -0.022757949 0.999729578 212.506744139
-0.254488970 -0.966593707 -0.030528177 7206.660135540 0.967051720 -0.254133642 -0.015068611 -1536.529423739 0.006806987 -0.033357121 0.999420316 212.105000000
0 0   0 0 0 0 2 0   0 0 0 0 2 0
-0.254385897 -0.966822726 -0.023261825 7206.260542070 0.967098616 -0.254241817 -0.009001490 -1534.779293249 0.002788709 -0.024786344 0.999688373 212.441371823
-0.261437437 -0.964685697 -0.032124343 7206.166916752 0.965202121 -0.261082687 -0.014855875 -1534.658207398 0.005944141 -0.034890365 0.999373469 212.119000000
0 0   0 0 0 0 2 1   0 0 0 0 2 1
-0.261793355 -0.964869192 -0.022165360 7205.740720215 0.965123752 -0.261716299 -0.006357998 -1532.854814487 0.000333593 -0.023056813 0.999733604 212.478940181
-0.267817762 -0.962909364 -0.032851222 7205.657059505 0.963455158 -0.267471416 -0.014601372 -1532.781999946 0.005273035 -0.035561186 0.999353590 212.131000000
0 0   0 0 0 0 2 2   0 0 0 0 2 2
-0.269287352 -0.962786757 -0.022927248 7205.280662278 0.963059544 -0.269224936 -0.005823432 -1530.907293404 -0.000565871 -0.023648498 0.999719680 212.475343930
-0.273818154 -0.961172999 -0.034206488 7205.133917090 0.961773052 -0.273493619 -0.013922515 -1530.902869853 0.004026689 -0.036711116 0.999317807 212.142000000
0 0   0 0 0 0 2 3   0 0 0 0 2 3
-0.276358344 -0.960734659 -0.024793894 7204.764723341 0.961053738 -0.276298942 -0.005857322 -1529.102489823 -0.001223203 -0.025447001 0.999674954 212.509066339
-0.279347602 -0.959499062 -0.036420706 7204.597734262 0.960187051 -0.279051022 -0.013090245 -1529.021611041 0.002396843 -0.038627419 0.999250808 212.151000000
0 0   0 0 0 0 2 4   0 0 0 0 2 4
-0.288024939 -0.957209528 -0.028131770 7204.056884484 0.957622620 -0.287919381 -0.007820065 -1527.207980756 -0.000614250 -0.029192007 0.999573165 212.510229966
-0.284406931 -0.957928471 -0.038545333 7204.047310513 0.958701335 -0.284087823 -0.013633045 -1527.135626659 0.002109222 -0.040830794 0.999163849 212.156000000
0 0   0 0 0 0 2 5   0 0 0 0 2 5
-0.281399959 -0.959161547 -0.028688880 7203.600688973 0.959590360 -0.281291389 -0.007834311 -1525.300944582 -0.000555574 -0.029734160 0.999557230 212.537916417
-0.289091063 -0.956431462 -0.040807064 7203.484483115 0.957298837 -0.288725000 -0.014724514 -1525.247308825 0.002300969 -0.043321281 0.999058543 212.160000000
0 0   0 0 0 0 2 6   0 0 0 0 2 6
-0.285434895 -0.957807478 -0.033639306 7202.919580030 0.958396972 -0.285311107 -0.008525161 -1523.464598767 -0.001432214 -0.034673199 0.999397208 212.532541103
-0.293860308 -0.954898014 -0.042613400 7202.911343497 0.955846641 -0.293482640 -0.015004633 -1523.359413281 0.001821601 -0.045141141 0.998978958 212.165000000
0 0   0 0 0 0 2 7   0 0 0 0 2 7
-0.299758029 -0.953675604 -0.025451423 7202.658782322 0.953913423 -0.299229645 -0.022597537 -1521.496713904 0.013934885 -0.031052260 0.999420140 212.516786442
-0.298713433 -0.953365659 -0.043176434 7202.326496735 0.954341116 -0.298320667 -0.015421180 -1521.468780888 0.001821601 -0.045811560 0.998948438 212.169000000
0 0   0 0 0 0 2 8   0 0 0 0 2 8
-0.298774059 -0.953805126 -0.031459808 7201.910449920 0.954323770 -0.298623486 -0.009489200 -1519.669970207 -0.000343798 -0.032857981 0.999459515 212.590393492
-0.303376029 -0.951859447 -0.043892805 7201.731730475 0.952868988 -0.302960688 -0.015984786 -1519.576296515 0.001917475 -0.046673494 0.998908358 212.172000000
0 0   0 0 0 0 2 9   0 0 0 0 2 9
-0.303176989 -0.952306648 -0.034578409 7201.231897415 0.952932430 -0.303046588 -0.009077385 -1517.788471483 -0.001834421 -0.035702952 0.999360292 212.572218253
-0.307758224 -0.950375447 -0.045512481 7201.126332434 0.951463899 -0.307347866 -0.015929125 -1517.684826069 0.001150485 -0.048205802 0.998836762 212.177000000
0 0   0 0 0 0 3 0   0 0 0 0 3 0
-0.305304293 -0.951752665 -0.030920088 7200.639026468 0.952254009 -0.305184105 -0.008649111 -1515.756266465 -0.001204510 -0.032084401 0.999483952 212.519016595
-0.311951611 -0.948950485 -0.046681572 7200.509750551 0.950097914 -0.311554985 -0.015730401 -1515.792178259 0.000383495 -0.049259188 0.998785956 212.179000000
0 0   0 0 0 0 3 1   0 0 0 0 3 1
-0.311220119 -0.949657538 -0.035951954 7199.917187437 0.950331127 -0.311136697 -0.008034297 -1514.028231656 -0.003556149 -0.036666709 0.999320733 212.620287008
-0.316229580 -0.947479684 -0.047760873 7199.883132396 0.948682674 -0.315818392 -0.016122256 -1513.899546158 0.000191748 -0.050408247 0.998728678 212.180000000
0 0   0 0 0 0 3 2   0 0 0 0 3 2
-0.314439647 -0.948573841 -0.036541577 7199.216885694 0.949270450 -0.314351222 -0.008289611 -1512.044195676 -0.003623591 -0.037294435 0.999297253 212.516482126
-0.320955211 -0.945861294 -0.048313186 7199.247109338 0.947094252 -0.320511480 -0.016878056 -1512.006980521 0.000479369 -0.051174241 0.998689625 212.180000000
0 0   0 0 0 0 3 3   0 0 0 0 3 3
-0.319761933 -0.946793344 -0.036530575 7198.662237868 0.947497640 -0.319543289 -0.011831752 -1510.141267752 -0.000470886 -0.038395991 0.999261968 212.491479443
-0.326307405 -0.943997351 -0.048912973 7198.602621228 0.945263664 -0.325854496 -0.017188749 -1510.115807005 0.000287621 -0.051844472 0.998655130 212.181000000
0 0   0 0 0 0 3 4   0 0 0 0 3 4
-0.325465159 -0.944879316 -0.035711772 7197.983924099 0.945553515 -0.325264077 -0.011465547 -1508.372777841 -0.000782211 -0.037499043 0.999295826 212.556818244
-0.331558613 -0.942134495 -0.049512418 7197.946872526 0.943434617 -0.331096364 -0.017502019 -1508.227304155 0.000095874 -0.052514674 0.998620148 212.181000000
0 0   0 0 0 0 3 5   0 0 0 0 3 5
-0.323954798 -0.945346317 -0.037061129 7197.336859632 0.946071820 -0.323749196 -0.011587045 -1506.465372546 -0.001044752 -0.038816181 0.999245362 212.605202888
-0.337160723 -0.940161879 -0.049176087 7197.279719073 0.941447059 -0.336716388 -0.017306353 -1506.340979775 -0.000287621 -0.052131705 0.998640177 212.181000000
0 0   0 0 0 0 3 6   0 0 0 0 3 6
-0.333383383 -0.942071389 -0.036836330 7196.525538830 0.942791164 -0.333136821 -0.012820816 -1504.582627326 -0.000193430 -0.039003223 0.999238698 212.534743100
-0.343111036 -0.938115085 -0.047062775 7196.600733139 0.939294728 -0.342705611 -0.016681651 -1504.457672536 -0.000479369 -0.049929475 0.998752631 212.180000000
0 0   0 0 0 0 3 7   0 0 0 0 3 7
-0.347335114 -0.937175766 -0.032555439 7195.915269395 0.937738863 -0.347197392 -0.009974150 -1502.689774357 -0.001955640 -0.033992883 0.999419832 212.525639203
-0.349496883 -0.935868787 -0.044738597 7195.911541904 0.936937350 -0.349127472 -0.016075149 -1502.577722370 -0.000575243 -0.047535477 0.998869385 212.178000000
0 0   0 0 0 0 3 8   0 0 0 0 3 8
-0.355039391 -0.934230059 -0.034078346 7195.236972307 0.934846933 -0.354911957 -0.009923204 -1500.860764896 -0.002824266 -0.035381176 0.999369607 212.628636381
-0.356134938 -0.933408995 -0.043767045 7195.211363718 0.934433431 -0.355815742 -0.015143305 -1500.702025813 -0.001438106 -0.046290450 0.998926987 212.177000000
0 0   0 0 0 0 3 9   0 0 0 0 3 9
-0.358524253 -0.932904301 -0.033913181 7194.547943352 0.933519972 -0.358319441 -0.012145237 -1498.986762136 -0.000821417 -0.036013001 0.999350741 212.597095292
-0.362576782 -0.931042025 -0.041216798 7194.496887465 0.931952937 -0.362285336 -0.014596558 -1498.829848362 -0.001342233 -0.043704489 0.999043601 212.173000000
0 0   0 0 0 0 4 0   0 0 0 0 4 0
-0.361861544 -0.931785820 -0.028838459 7193.960728614 0.932229125 -0.361761398 -0.008801471 -1497.055990044 -0.002231560 -0.030068974 0.999545104 212.534002445
-0.369179704 -0.928524537 -0.039351371 7193.768155321 0.929357787 -0.368879087 -0.014910517 -1496.961037009 -0.000671117 -0.042076163 0.999114181 212.170000000
0 0   0 0 0 0 4 1   0 0 0 0 4 1
-0.368971133 -0.929004602 -0.028479321 7193.117871680 0.929439116 -0.368855395 -0.009409295 -1495.195400875 -0.001763478 -0.029941565 0.999549809 212.485361061
-0.375763744 -0.925936686 -0.037985028 7193.027594552 0.926715093 -0.375485956 -0.014471811 -1495.099893769 -0.000862864 -0.040639281 0.999173511 212.168000000
0 0   0 0 0 0 4 2   0 0 0 0 4 2
-0.380816327 -0.924255212 -0.027046737 7192.240776188 0.924646160 -0.380742555 -0.008030092 -1493.562166225 -0.002875989 -0.028066668 0.999601518 212.568734288
-0.382505999 -0.923216893 -0.036874510 7192.272298554 0.923952167 -0.382254744 -0.013917745 -1493.241097679 -0.001246359 -0.039393905 0.999222982 212.166000000
0 0   0 0 0 0 4 3   0 0 0 0 4 3
-0.383070016 -0.923351110 -0.026082574 7191.480177598 0.923714509 -0.383005351 -0.007630935 -1491.574032496 -0.002943743 -0.027016053 0.999630171 212.558190394
-0.389139166 -0.920429717 -0.037146274 7191.504921617 0.921176339 -0.388918065 -0.013300050 -1491.388480706 -0.002205096 -0.039393839 0.999221328 212.164000000
0 0   0 0 0 0 4 4   0 0 0 0 4 4
-0.393367533 -0.918967127 -0.027596182 7190.435020708 0.919372935 -0.393313615 -0.007584981 -1489.645701263 -0.003883613 -0.028354887 0.999589852 212.458800425
-0.395841023 -0.917534972 -0.037940203 7190.723850740 0.918316847 -0.395592674 -0.014163512 -1489.539043275 -0.002013349 -0.040447627 0.999179631 212.159000000
0 0   0 0 0 0 4 5   0 0 0 0 4 5
-0.405324162 -0.913730470 -0.028445367 7189.687272345 0.914167099 -0.405235869 -0.009063169 -1487.831833544 -0.003245793 -0.029677360 0.999553724 212.454906230
-0.402434608 -0.914712441 -0.036708798 7189.924661116 0.915448554 -0.402085654 -0.016765186 -1487.690458695 0.000575243 -0.040351907 0.999185365 212.153000000
0 0   0 0 0 0 4 6   0 0 0 0 4 6
-0.403495732 -0.914568980 -0.027476064 7189.026118074 0.914981050 -0.403339014 -0.011272555 -1485.890786363 -0.000772643 -0.029688525 0.999558342 212.545851355
-0.409006345 -0.911834081 -0.035670966 7189.114141733 0.912530250 -0.408627448 -0.017667815 -1485.850298655 0.001533980 -0.039777084 0.999207401 212.154000000
0 0   0 0 0 0 4 7   0 0 0 0 4 7
-0.412374640 -0.910736248 -0.022510672 7188.016357942 0.910939786 -0.411899390 -0.022962411 -1484.232985230 0.011640555 -0.029975003 0.999482290 212.300187114
-0.415557674 -0.908803737 -0.037250327 7188.293467539 0.909566704 -0.415230562 -0.016492125 -1484.018517565 -0.000479369 -0.040735086 0.999169867 212.159000000
0 0   0 0 0 0 4 8   0 0 0 0 4 8
-0.422295565 -0.905983647 -0.029329023 7187.214605089 0.906449448 -0.422210971 -0.009325239 -1482.397525174 -0.003934533 -0.030523305 0.999525729 212.521203221
-0.421737563 -0.905878399 -0.039009672 7187.457296578 0.906712752 -0.421490230 -0.014763834 -1482.191315872 -0.003067957 -0.041597030 0.999129759 212.159000000
0 0   0 0 0 0 4 9   0 0 0 0 4 9
-0.427730283 -0.903450077 -0.028722086 7186.415913642 0.903900785 -0.427622406 -0.010110315 -1480.603646558 -0.003148059 -0.030286424 0.999535747 212.467946530
-0.428074291 -0.902912009 -0.038759585 7186.603466863 0.903741514 -0.427770450 -0.016239379 -1480.363734990 -0.001917475 -0.041980306 0.999116598 212.151000000
0 0   0 0 0 0 5 0   0 0 0 0 5 0
-0.434273287 -0.900491731 -0.022837572 7185.581474632 0.900729690 -0.433838348 -0.021681344 -1478.723506327 0.009616040 -0.029986129 0.999503478 212.470917579
-0.434475575 -0.899789660 -0.040119089 7185.740542743 0.900682615 -0.434110243 -0.017864036 -1478.541927942 -0.001342233 -0.043896053 0.999035202 212.148000000
0 0   0 0 0 0 5 1   0 0 0 0 5 1
-0.444027707 -0.895466415 -0.031295525 7184.819904371 0.895988492 -0.444002283 -0.008139930 -1476.834590557 -0.006606257 -0.031654808 0.999476377 212.421481363
-0.440594940 -0.896686232 -0.042777333 7184.865217992 0.897701101 -0.440249778 -0.017688047 -1476.730800958 -0.002972083 -0.046194523 0.998928042 212.146000000
0 0   0 0 0 0 5 2   0 0 0 0 5 2
-0.440717097 -0.897031790 -0.033204629 7184.006876930 0.897641793 -0.440524220 -0.013313260 -1475.156409062 -0.002685034 -0.035673268 0.999359227 212.587449311
-0.446351482 -0.893754611 -0.044419015 7183.974788903 0.894851072 -0.445989389 -0.018303637 -1474.922202543 -0.003451450 -0.047918259 0.998845297 212.140000000
0 0   0 0 0 0 5 3   0 0 0 0 5 3
-0.442217522 -0.896273958 -0.033716484 7182.903248437 0.896900671 -0.442049075 -0.012704166 -1473.192218897 -0.003517934 -0.035858367 0.999349997 212.388649252
-0.452091322 -0.890849705 -0.044724044 7183.071336498 0.891967020 -0.451682000 -0.019447540 -1473.118268006 -0.002876210 -0.048684436 0.998810069 212.133000000
0 0   0 0 0 0 5 4   0 0 0 0 5 4
-0.467090910 -0.883444206 -0.036777230 7181.599206074 0.884194985 -0.466913770 -0.013796707 -1471.799980069 -0.004983180 -0.038962582 0.999227531 212.332429567
-0.458066695 -0.887813349 -0.044298536 7182.157856668 0.888912197 -0.457672020 -0.019272486 -1471.322426810 -0.003163830 -0.048205593 0.998832424 212.127000000
0 0   0 0 0 0 5 5   0 0 0 0 5 5
-0.463064255 -0.885635775 -0.034942983 7181.015515576 0.886306539 -0.462945562 -0.011905298 -1469.747476956 -0.005632945 -0.036483139 0.999317682 212.353686602
-0.464021600 -0.884736531 -0.043877393 7181.232897207 0.885817161 -0.463641488 -0.019092610 -1469.532024347 -0.003451450 -0.047726731 0.998854467 212.120000000
0 0   0 0 0 0 5 6   0 0 0 0 5 6
-0.465038603 -0.884660143 -0.033402828 7179.935244852 0.885279338 -0.464887871 -0.012621798 -1467.856569471 -0.004362571 -0.035440486 0.999361543 212.510583432
-0.469956343 -0.881654871 -0.042728481 7180.296815333 0.882683641 -0.469580970 -0.019060495 -1467.748499492 -0.003259704 -0.046673332 0.998904888 212.113000000
0 0   0 0 0 0 5 7   0 0 0 0 5 7
-0.479092770 -0.877117963 -0.033680270 7179.170661017 0.877739057 -0.479015402 -0.010858437 -1466.140413837 -0.006609241 -0.034764718 0.999372917 212.401058648
-0.475701099 -0.878566803 -0.042764895 7179.349165741 0.879601644 -0.475305236 -0.019643835 -1465.970658301 -0.003067957 -0.046960666 0.998892028 212.106000000
0 0   0 0 0 0 5 8   0 0 0 0 5 8
-0.491483588 -0.870109059 -0.036800270 7177.864572938 0.870880516 -0.491198119 -0.017060344 -1465.251391298 -0.003231866 -0.040433546 0.999176198 212.446228878
-0.481341052 -0.875487154 -0.042813963 7178.391124638 0.876527333 -0.480944839 -0.019796351 -1464.203492038 -0.003259704 -0.047056405 0.998886915 212.099000000
0 0   0 0 0 0 5 9   0 0 0 0 5 9
-0.509505901 -0.859593697 -0.038763358 7176.795160289 0.860466488 -0.508947960 -0.023852244 -1463.101402077 0.000774697 -0.045507456 0.998962889 212.443536327
-0.486962597 -0.872443196 -0.041355759 7177.419821523 0.873418988 -0.486554615 -0.020096719 -1462.441887702 -0.002588590 -0.045907256 0.998942352 212.092000000
0 0   0 0 0 0 6 0   0 0 0 0 6 0
-0.491548006 -0.870401811 -0.027954665 7176.167665505 0.870846647 -0.491384071 -0.012937157 -1460.827759307 -0.002475960 -0.030703495 0.999524721 212.476318755
-0.492478199 -0.869355263 -0.041068834 7176.439951265 0.870317937 -0.492112858 -0.019277563 -1460.689233292 -0.003451450 -0.045236723 0.998970333 212.087000000
0 0   0 0 0 0 6 1   0 0 0 0 6 1
-0.503883794 -0.863197601 -0.031483552 7175.240632359 0.863753014 -0.503774586 -0.011892831 -1459.134369983 -0.005594754 -0.033186649 0.999432833 212.352910282
-0.497973888 -0.866245919 -0.040497099 7175.450053559 0.867181764 -0.497651880 -0.018395495 -1458.945255048 -0.004218435 -0.044278822 0.999010306 212.080000000
0 0   0 0 0 0 6 2   0 0 0 0 6 2
-0.495813193 -0.867936307 -0.029258636 7174.228064993 0.868414844 -0.495715371 -0.011021813 -1457.307992146 -0.004937733 -0.030873421 0.999510472 212.474409166
-0.503367198 -0.863109370 -0.040788236 7174.452294867 0.864059833 -0.503055276 -0.018330166 -1457.210929010 -0.004697799 -0.044470281 0.998999662 212.072000000
0 0   0 0 0 0 6 3   0 0 0 0 6 3
-0.510099932 -0.859606380 -0.029583182 7173.238857785 0.860077736 -0.510095581 -0.008265265 -1455.653271036 -0.007985380 -0.029659974 0.999527495 212.319137413
-0.508411227 -0.860142132 -0.040908888 7173.446043351 0.861099977 -0.508103714 -0.018369686 -1455.488428848 -0.004985417 -0.044565997 0.998994003 212.062000000
0 0   0 0 0 0 6 4   0 0 0 0 6 4
-0.512490787 -0.858241610 -0.027833456 7172.188684591 0.858677235 -0.512404982 -0.010678568 -1453.838952571 -0.005097215 -0.029372649 0.999554827 212.304965184
-0.513604231 -0.857093911 -0.040009010 7172.431862019 0.858015876 -0.513278462 -0.018814254 -1453.776429547 -0.004410180 -0.043991446 0.999022173 212.052000000
0 0   0 0 0 0 6 5   0 0 0 0 6 5
-0.520425137 -0.853413584 -0.029036981 7170.954437527 0.853878210 -0.520385704 -0.009498683 -1452.709539070 -0.007004129 -0.029737423 0.999532475 212.298269343
-0.518533098 -0.854225995 -0.037701124 7171.410853753 0.855049796 -0.518211977 -0.018606291 -1452.077749800 -0.003643196 -0.041884316 0.999115825 212.042000000
0 0   0 0 0 0 6 6   0 0 0 0 6 6
-0.527159190 -0.849556179 -0.018913706 7170.270235449 0.849750001 -0.526881240 -0.017906089 -1450.813030061 0.005246940 -0.025511310 0.999660036 212.307875177
-0.523440714 -0.851289878 -0.036267928 7170.386629678 0.852049147 -0.523193053 -0.016771407 -1450.393069753 -0.004697799 -0.039680895 0.999201360 212.035000000
0 0   0 0 0 0 6 7   0 0 0 0 6 7
-0.527426969 -0.849131671 -0.028220415 7169.207889305 0.849511705 -0.527560178 -0.003106069 -1448.905134530 -0.012250508 -0.025611828 0.999596203 212.316386924
-0.528248002 -0.848349043 -0.035467592 7169.357823598 0.849067959 -0.528075022 -0.014844909 -1448.719511194 -0.006135885 -0.037956189 0.999260566 212.026000000
0 0   0 0 0 0 6 8   0 0 0 0 6 8
-0.531612578 -0.846617405 -0.025045319 7168.168514930 0.846950926 -0.531631438 -0.006455460 -1447.165112175 -0.007849579 -0.024643989 0.999664808 212.415847604
-0.532717022 -0.845618659 -0.033788443 7168.321042442 0.846269777 -0.532575908 -0.013797332 -1447.056246212 -0.006327629 -0.035944212 0.999333765 212.013000000
0 0   0 0 0 0 6 9   0 0 0 0 6 9
-0.533765657 -0.845389358 -0.020282768 7167.213258708 0.845611835 -0.533765654 -0.005872160 -1445.462925799 -0.005861989 -0.020285735 0.999776422 212.340731831
-0.537089530 -0.842863410 -0.033408202 7167.279561189 0.843497778 -0.536970257 -0.013207625 -1445.405223533 -0.006806987 -0.035273421 0.999354517 212.001000000
0 0   0 0 0 0 7 0   0 0 0 0 7 0
-0.536992740 -0.843273035 -0.023016974 7166.208651454 0.843517653 -0.537097928 -0.001868643 -1443.929454900 -0.010786594 -0.020418701 0.999732718 212.350783730
-0.540802138 -0.840472834 -0.033741107 7166.233478006 0.841117442 -0.540698106 -0.012923127 -1443.766200307 -0.007382215 -0.035369089 0.999347052 211.988000000
0 0   0 0 0 0 7 1   0 0 0 0 7 1
-0.550490657 -0.834267342 -0.030957705 7164.700720629 0.834770113 -0.550548711 -0.007388407 -1443.126554442 -0.010879819 -0.029909841 0.999492722 212.323200978
-0.543771657 -0.838278969 -0.040009435 7165.186240836 0.839177348 -0.543667273 -0.014397018 -1442.137265028 -0.009683103 -0.041403702 0.999095577 211.977000000
0 0   0 0 0 0 7 2   0 0 0 0 7 2
-0.547308905 -0.836388479 -0.030126626 7164.094824516 0.836923015 -0.547100203 -0.015518715 -1441.411017325 -0.003502614 -0.033707222 0.999424941 212.419979560
-0.546014956 -0.836551152 -0.045275141 7164.134519742 0.837702878 -0.545881030 -0.016364303 -1440.521682112 -0.011025264 -0.046862270 0.998840513 211.959000000
0 0   0 0 0 0 7 3   0 0 0 0 7 3
-0.547117299 -0.836739539 -0.023022794 7162.827604556 0.837045761 -0.546770009 -0.019916376 -1439.123466464 0.004076634 -0.030167751 0.999535912 212.188341677
-0.547568992 -0.835753292 -0.041044291 7163.067341715 0.836751306 -0.547134250 -0.022166735 -1438.908868868 -0.003930816 -0.046481681 0.998911409 211.932000000
0 0   0 0 0 0 7 4   0 0 0 0 7 4
-0.547262379 -0.836584359 -0.025117950 7161.692338335 0.836956903 -0.547105388 -0.013361485 -1437.457043138 -0.002564163 -0.028334909 0.999594568 212.114579418
-0.550137142 -0.834350003 -0.034773521 7162.007594585 0.835072914 -0.549582548 -0.024743693 -1437.299371853 0.001533980 -0.042650851 0.999088861 211.921000000
0 0   0 0 0 0 7 5   0 0 0 0 7 5
-0.545578458 -0.837845248 -0.018969264 7160.759922862 0.838051687 -0.545531028 -0.008054641 -1435.786230376 -0.003599786 -0.020291700 0.999786967 212.129975232
-0.553016812 -0.832634569 -0.029867715 7160.954900235 0.833170044 -0.552673700 -0.019479709 -1435.708660497 -0.000287621 -0.035657492 0.999364028 211.925000000
0 0   0 0 0 0 7 6   0 0 0 0 7 6
-0.555903836 -0.831080766 -0.016616407 7159.808717286 0.831213364 -0.555948859 -0.002210719 -1434.272472670 -0.007400589 -0.015040765 0.999858907 212.220560307
-0.555724571 -0.830906229 -0.027659373 7159.901199147 0.831355272 -0.555582098 -0.013302036 -1434.123713028 -0.004314308 -0.030387034 0.999528897 211.925000000
0 0   0 0 0 0 7 7   0 0 0 0 7 7
-0.549890952 -0.835210552 -0.006613593 7158.889912620 0.835234931 -0.549859423 -0.006077349 -1432.762575040 0.001439311 -0.008865826 0.999959114 212.214585663
-0.558345716 -0.829172587 -0.026886460 7158.841872555 0.829583510 -0.558286624 -0.010355927 -1432.540342334 -0.006423500 -0.028086751 0.999584850 211.917000000
0 0   0 0 0 0 7 8   0 0 0 0 7 8
-0.560740792 -0.827867212 -0.014356507 7157.460485707 0.827933658 -0.560822023 0.002057364 -1431.150103415 -0.009754672 -0.010732628 0.999894300 212.147132477
-0.561051236 -0.827434303 -0.023957991 7157.777778984 0.827765481 -0.560983296 -0.010102002 -1430.965417652 -0.005081289 -0.025499339 0.999661925 211.903000000
0 0   0 0 0 0 7 9   0 0 0 0 7 9
-0.567523330 -0.823346898 -0.004193102 7156.485243821 0.823347238 -0.567484381 -0.007781805 -1430.241574143 0.004027594 -0.007868779 0.999960404 212.096921261
-0.564464950 -0.825232951 -0.019232697 7156.713222409 0.825454342 -0.564369408 -0.010597158 -1429.400635252 -0.002109222 -0.021857437 0.999758873 211.891000000
0 0   0 0 0 0 8 0   0 0 0 0 8 0
-0.568253423 -0.822801220 -0.009304484 7155.702650716 0.822828354 -0.568288068 0.001372461 -1428.755683693 -0.006416891 -0.006876132 0.999955199 212.346126538
-0.568016541 -0.822802102 -0.018812495 7155.654939815 0.823004802 -0.567984768 -0.007509895 -1427.853729810 -0.004506054 -0.019748518 0.999794825 211.889000000
0 0   0 0 0 0 8 1   0 0 0 0 8 1
-0.567306399 -0.823506808 0.000616071 7154.854150374 0.823504900 -0.567306692 -0.001585226 -1426.532796321 0.001654940 -0.000392020 0.999998007 212.191952686
-0.571469567 -0.820364598 -0.020602425 7154.595169321 0.820581838 -0.571512850 -0.004302352 -1426.316056313 -0.008245053 -0.019364640 0.999778490 211.882000000
0 0   0 0 0 0 8 2   0 0 0 0 8 2
-0.573661580 -0.819029546 -0.010171045 7153.508704631 0.819008657 -0.573736296 0.007160740 -1424.943799210 -0.011700350 -0.004222378 0.999922115 212.314387861
-0.574771523 -0.818065748 -0.020152596 7153.526686207 0.818277086 -0.574805034 -0.004667245 -1424.781028661 -0.007765700 -0.019173007 0.999786022 211.866000000
0 0   0 0 0 0 8 3   0 0 0 0 8 3
-0.566465878 -0.824081057 -0.002706026 7152.571123888 0.824075020 -0.566472214 0.003077590 -1423.277389311 -0.004069073 -0.000486667 0.999991056 212.209376564
-0.577836619 -0.815944915 -0.018404826 7152.452940261 0.816136042 -0.577821100 -0.006688607 -1423.253998580 -0.005177162 -0.018885764 0.999808244 211.850000000
0 0   0 0 0 0 8 4   0 0 0 0 8 4
-0.587297566 -0.809297000 -0.010976264 7150.879050119 0.809320428 -0.587358530 0.003217491 -1422.803820257 -0.009050896 -0.006993733 0.999933993 212.257556301
-0.580809481 -0.813877274 -0.016252062 7151.379573528 0.814030033 -0.580783353 -0.006767742 -1421.740301606 -0.003930816 -0.017160435 0.999845022 211.839000000
0 0   0 0 0 0 8 5   0 0 0 0 8 5
-0.582441865 -0.812795018 -0.011238127 7150.044456462 0.812771032 -0.582531903 0.007735010 -1420.602478059 -0.012833551 -0.004628878 0.999906344 212.112929183
-0.583379268 -0.812063199 -0.014899373 7150.304790062 0.812184570 -0.583382713 -0.004564447 -1420.236849236 -0.004985417 -0.014763845 0.999878580 211.832000000
0 0   0 0 0 0 8 6   0 0 0 0 8 6
-0.586742556 -0.809760127 -0.004711482 7149.090261411 0.809689034 -0.586755441 0.011030714 -1418.969884255 -0.011696722 0.002657299 0.999927483 212.118687931
-0.585397349 -0.810642149 -0.013009626 7149.227264411 0.810721088 -0.585430741 -0.001471345 -1418.739286740 -0.006423500 -0.011408500 0.999914289 211.823000000
0 0   0 0 0 0 8 7   0 0 0 0 8 7
-0.591643625 -0.806155098 -0.008499113 7147.972686616 0.806043889 -0.591703612 0.013418323 -1417.294073381 -0.015846201 0.001088155 0.999873268 212.136943740
-0.586947653 -0.809549460 -0.011050937 7148.149913783 0.809592953 -0.586991052 0.000869215 -1417.246482710 -0.007190473 -0.008436577 0.999938559 211.811000000
0 0   0 0 0 0 8 8   0 0 0 0 8 8
-0.587648140 -0.809091267 -0.006440023 7146.550515467 0.809015496 -0.587681856 0.011133941 -1416.784118310 -0.012793051 0.001332709 0.999916730 212.113551334
-0.588111758 -0.808721771 -0.009677707 7147.072660512 0.808748556 -0.588151991 0.001734390 -1415.759549930 -0.007094602 -0.006806816 0.999951666 211.797000000
0 0   0 0 0 0 8 9   0 0 0 0 8 9
-0.591953439 -0.805939526 -0.007283626 7145.995208638 0.805860564 -0.591997648 0.011290221 -1415.370742144 -0.013411106 0.000813646 0.999909227 212.194645393
-0.588808131 -0.808233360 -0.007988851 7145.996144792 0.808239128 -0.588845084 0.003313424 -1414.281381886 -0.007382215 -0.004505931 0.999962599 211.784000000
0 0   0 0 0 0 9 0   0 0 0 0 9 0
-0.585067570 -0.810929999 0.009424520 7144.957658512 0.810980811 -0.584990415 0.009806994 -1412.952498431 -0.002439526 0.013380799 0.999906969 212.095942339
-0.589349601 -0.807852145 -0.006477603 7144.921786696 0.807842610 -0.589379927 0.004649599 -1412.808753560 -0.007573958 -0.002492645 0.999968210 211.770000000
0 0   0 0 0 0 9 1   0 0 0 0 9 1
-0.585536904 -0.810639111 0.003319278 7143.909604698 0.810570841 -0.585422234 0.015984437 -1411.329230742 -0.011014417 0.012049927 0.999866194 212.097883106
-0.589891651 -0.807470048 -0.004467943 7143.849144573 0.807446887 -0.589908571 0.006115744 -1411.339823865 -0.007573958 0.000000000 0.999971317 211.756000000
0 0   0 0 0 0 9 2   0 0 0 0 9 2
-0.581900240 -0.813221664 0.007928847 7142.648808992 0.813211720 -0.581731429 0.016584257 -1409.935245461 -0.008874208 0.016098151 0.999830531 212.278520989
-0.590435106 -0.807081808 -0.002311176 7142.777434010 0.807053085 -0.590434765 0.007218444 -1409.873124635 -0.007190473 0.002396781 0.999971276 211.742000000
0 0   0 0 0 0 9 3   0 0 0 0 9 3
-0.592826917 -0.805287387 0.008285707 7141.570908887 0.805288332 -0.592660273 0.016257279 -1408.616837676 -0.008181164 0.016310067 0.999833033 212.034018920
-0.590978780 -0.806687026 -0.000351922 7141.706540672 0.806659978 -0.590962429 0.007942698 -1408.407877324 -0.006615244 0.004410084 0.999968394 211.728000000
0 0   0 0 0 0 9 4   0 0 0 0 9 4
-0.588215265 -0.808591257 0.013532515 7140.594508978 0.808696218 -0.588051787 0.014327263 -1406.999067603 -0.003627075 0.019371141 0.999805331 212.199126199
-0.591442757 -0.806346420 0.000957737 7140.636398828 0.806319852 -0.591412691 0.008906422 -1406.945952786 -0.006615244 0.006039881 0.999959878 211.716000000
0 0   0 0 0 0 9 5   0 0 0 0 9 5
-0.585993310 -0.810227801 0.011957070 7139.670310883 0.810255163 -0.585704803 0.020887159 -1405.609498203 -0.009920035 0.021927940 0.999709922 212.058593907
-0.591670311 -0.806178192 0.001722446 7139.567164086 0.806143546 -0.591621856 0.010777848 -1405.487431977 -0.007669829 0.007765471 0.999940434 211.704000000
0 0   0 0 0 0 9 6   0 0 0 0 9 6
-0.587816456 -0.808908849 0.011771088 7138.583965717 0.808926807 -0.587516882 0.021476366 -1404.109395508 -0.010456702 0.022146034 0.999699699 212.136258933
-0.591968430 -0.805961148 -0.000071148 7138.499293229 0.805901823 -0.591925924 0.012081051 -1404.029689377 -0.009778972 0.007094262 0.999927019 211.692000000
0 0   0 0 0 0 9 7   0 0 0 0 9 7
-0.586176956 -0.810148353 0.007517598 7137.395015070 0.810103050 -0.585963118 0.019499178 -1403.326167440 -0.011392185 0.017519922 0.999781282 212.129543545
-0.592332730 -0.805685274 -0.003629895 7137.433225280 0.805587944 -0.592322061 0.013514460 -1402.574636017 -0.013038468 0.005080858 0.999902087 211.676000000
0 0   0 0 0 0 9 8   0 0 0 0 9 8
-0.595902640 -0.803042428 0.004829476 7136.570099222 0.802957702 -0.595723583 0.019298132 -1402.042499482 -0.012620182 0.015377600 0.999801824 212.233578766
-0.592180301 -0.805793142 -0.004461290 7136.361596390 0.805704602 -0.592184691 0.012545357 -1401.118589345 -0.012750871 0.003834631 0.999911352 211.652000000
0 0   0 0 0 0 9 9   0 0 0 0 9 9
-0.584159122 -0.811610340 0.006880373 7135.488542739 0.811562435 -0.583965810 0.018723172 -1399.653198775 -0.011178015 0.016521089 0.999800831 211.968990850
-0.592201770 -0.805783859 -0.003071708 7135.289494549 0.805733813 -0.592201286 0.009521529 -1399.660149121 -0.009491364 0.003163688 0.999949951 211.627000000
0 0   0 0 0 1 0 0   0 0 0 1 0 0
-0.591891708 -0.805959649 0.009685771 7134.479200686 0.805939242 -0.591623521 0.021064915 -1398.163229518 -0.011247145 0.020274213 0.999731016 212.015840636
-0.592288443 -0.805724555 -0.001530235 7134.220902739 0.805689502 -0.592278618 0.008394312 -1398.205490456 -0.007669829 0.003738960 0.999963596 211.609000000
0 0   0 0 0 1 0 1   0 0 0 1 0 1
-0.588766045 -0.808234251 0.010606473 7133.338894369 0.808242339 -0.588508927 0.020042575 -1396.772127481 -0.009957092 0.020372911 0.999742679 211.944186664
-0.592288005 -0.805726307 -0.000196556 7133.154294212 0.805688906 -0.592262828 0.009493654 -1396.754677861 -0.007765700 0.005464615 0.999954915 211.596000000
0 0   0 0 0 1 0 2   0 0 0 1 0 2
-0.590029432 -0.807318740 0.010115244 7132.165286452 0.807283151 -0.589714842 0.023032647 -1395.441229182 -0.012629579 0.021755728 0.999683306 211.965386655
-0.592128679 -0.805843390 0.000241947 7132.088449299 0.805796197 -0.592090699 0.011004198 -1395.303619538 -0.008724406 0.006710861 0.999939423 211.582000000
0 0   0 0 0 1 0 3   0 0 0 1 0 3
-0.590969526 -0.806663994 0.006990911 7130.976925036 0.806580109 -0.590718012 0.021931609 -1394.073830184 -0.013561790 0.018599574 0.999734751 211.953571655
-0.591580845 -0.806245363 -0.000719872 7131.023600437 0.806184029 -0.591546411 0.011838670 -1393.851728269 -0.009970710 0.006423181 0.999929661 211.567000000
0 0   0 0 0 1 0 4   0 0 0 1 0 4
-0.599896265 -0.800018937 0.009744615 7129.940146813 0.799958472 -0.599551363 0.024596095 -1392.681046753 -0.013834949 0.022550316 0.999649754 212.055056476
-0.590648958 -0.806928626 -0.000019554 7129.958735179 0.806858451 -0.590597912 0.013173709 -1392.402494026 -0.010641791 0.007765260 0.999913223 211.549000000
0 0   0 0 0 1 0 5   0 0 0 1 0 5
-0.583292952 -0.812166885 0.012459099 7128.906371022 0.812201924 -0.582993937 0.021133572 -1391.053756841 -0.009900416 0.022446289 0.999698886 211.825331118
-0.589572212 -0.807712817 0.002147734 7128.894843820 0.807659904 -0.589498175 0.013318408 -1390.952801844 -0.009491364 0.009586801 0.999908999 211.529000000
0 0   0 0 0 1 0 6   0 0 0 1 0 6
-0.596048202 -0.802901390 0.008771613 7127.406568585 0.802916124 -0.595888947 0.015578423 -1390.320881080 -0.007281043 0.016328285 0.999840073 211.969784712
-0.588965835 -0.808151995 0.003098057 7127.836167296 0.808130067 -0.588909366 0.010561863 -1389.497744558 -0.006711116 0.008724209 0.999939423 211.510000000
0 0   0 0 0 1 0 7   0 0 0 1 0 7
-0.588340764 -0.808559659 0.009356313 7126.856345382 0.808566005 -0.588140999 0.017660060 -1388.699371912 -0.008776395 0.017955250 0.999800222 211.960673190
-0.588345832 -0.808608778 0.001013003 7126.783320197 0.808581562 -0.588314709 0.009036608 -1388.048373148 -0.006711116 0.006135747 0.999958656 211.499000000
0 0   0 0 0 1 0 8   0 0 0 1 0 8
-0.582980005 -0.812446641 0.008120170 7125.628382260 0.812452539 -0.582833770 0.015047847 -1386.700480429 -0.007492880 0.015369772 0.999853815 211.900492641
-0.587336552 -0.809342621 0.000544958 7125.728634066 0.809312543 -0.587308636 0.009042881 -1386.602590840 -0.006998730 0.005752255 0.999958964 211.487000000
0 0   0 0 0 1 0 9   0 0 0 1 0 9
-0.584054581 -0.811646993 0.010513253 7124.590137006 0.811682319 -0.583865631 0.016537804 -1385.303478775 -0.007284549 0.018192320 0.999808010 211.763069938
-0.586028326 -0.810276774 0.004727647 7124.671064470 0.810284758 -0.585992060 0.007205341 -1385.150614364 -0.003067957 0.008053275 0.999962866 211.471000000
0 0   0 0 0 1 1 0   0 0 0 1 1 0
-0.580030875 -0.814386149 0.018450567 7123.562652578 0.814588841 -0.579788665 0.017054028 -1383.882198014 -0.003191156 0.024921406 0.999684340 211.824235029
-0.585253813 -0.810802571 0.008784367 7123.622214323 0.810850155 -0.585219468 0.006340363 -1383.698636681 -0.000000000 0.010833527 0.999941316 211.464000000
0 0   0 0 0 1 1 1   0 0 0 1 1 1
-0.584650892 -0.811175021 0.013395852 7122.439060059 0.811240283 -0.584363875 0.020217678 -1382.413337448 -0.008572042 0.022687460 0.999705820 211.771329884
-0.584552006 -0.811304720 0.009143564 7122.583733152 0.811352113 -0.584475955 0.009777810 -1382.253431058 -0.002588590 0.013134289 0.999910391 211.466000000
0 0   0 0 0 1 1 2   0 0 0 1 1 2
-0.587111617 -0.809330080 0.016905261 7121.274701740 0.809447752 -0.586689076 0.024308818 -1381.259314400 -0.009755743 0.027955832 0.999561455 211.788600106
-0.583611196 -0.811987817 0.008588135 7121.543644032 0.812014194 -0.583492450 0.013019609 -1380.806604601 -0.005560652 0.014572077 0.999878359 211.462000000
0 0   0 0 0 1 1 3   0 0 0 1 1 3
-0.586361036 -0.809896749 0.015781663 7120.417612934 0.810004082 -0.586007696 0.022114773 -1379.767164474 -0.008662526 0.025750374 0.999630775 211.804442297
-0.582365503 -0.812880303 0.008719752 7120.502399400 0.812909341 -0.582248458 0.012850563 -1379.355963324 -0.005368907 0.014572092 0.999879407 211.452000000
0 0   0 0 0 1 1 4   0 0 0 1 1 4
-0.589120047 -0.807852767 0.017681388 7119.172321958 0.808040791 -0.588895119 0.016535297 -1378.171661908 -0.002945626 0.024028475 0.999706879 211.744830905
-0.581124534 -0.813751292 0.010154346 7119.462355665 0.813811115 -0.581040026 0.010195897 -1377.903600550 -0.002396843 0.014188806 0.999896461 211.440000000
0 0   0 0 0 1 1 5   0 0 0 1 1 5
-0.587788647 -0.808794957 0.018877653 7118.236725887 0.809013208 -0.587575427 0.015923419 -1376.955476562 -0.001786760 0.024631792 0.999694978 211.722403543
-0.580189427 -0.814409845 0.010808912 7118.426402789 0.814481548 -0.580141443 0.007464240 -1376.451268860 0.000191748 0.013134333 0.999913723 211.435000000
0 0   0 0 0 1 1 6   0 0 0 1 1 6
-0.588781264 -0.808045839 0.019991473 7117.059278778 0.808292774 -0.588621565 0.013720175 -1375.562537806 0.000680853 0.024237069 0.999706013 211.872794855
-0.579330094 -0.815018578 0.011016328 7117.393587412 0.815092751 -0.579288111 0.007006603 -1375.001550225 0.000671117 0.013038465 0.999914770 211.435000000
0 0   0 0 0 1 1 7   0 0 0 1 1 7
-0.590503811 -0.806811688 0.019008023 7116.101633313 0.807031846 -0.590266059 0.016923686 -1373.969884768 -0.002434464 0.025333502 0.999676118 211.708569818
-0.578548520 -0.815560073 0.011974063 7116.363145796 0.815647919 -0.578491314 0.008140749 -1373.552106068 0.000287621 0.014476437 0.999895170 211.436000000
0 0   0 0 0 1 1 8   0 0 0 1 1 8
-0.582760238 -0.812367583 0.021226958 7114.920494860 0.812643909 -0.582522202 0.016690711 -1372.493518486 -0.001193847 0.026976558 0.999635414 211.775083247
-0.577843683 -0.816076369 0.010772112 7115.337932093 0.816146019 -0.577767521 0.009506165 -1372.100527291 -0.001533980 0.014284694 0.999896792 211.438000000
0 0   0 0 0 1 1 9   0 0 0 1 1 9
-0.588401407 -0.808432071 0.014916153 7113.852563730 0.808530945 -0.588092745 0.020624851 -1370.984282064 -0.007901731 0.024195786 0.999676083 211.606707402
-0.576902395 -0.816741188 0.010837827 7114.310413146 0.816807330 -0.576797705 0.011410213 -1370.648908939 -0.003067957 0.015434996 0.999876167 211.436000000
0 0   0 0 0 1 2 0   0 0 0 1 2 0
-0.581608667 -0.813232954 0.019611716 7112.973581924 0.813457045 -0.581298689 0.019497912 -1369.567854085 -0.004456105 0.027293368 0.999617641 211.712676767
-0.575882724 -0.817469567 0.010128940 7113.284041162 0.817524199 -0.575777592 0.011590906 -1369.193106217 -0.003643196 0.014955656 0.999881521 211.431000000
0 0   0 0 0 1 2 1   0 0 0 1 2 1
-0.580716482 -0.813623330 0.028045243 7111.937946146 0.814070178 -0.580670842 0.010574948 -1368.202320640 0.007680997 0.028971763 0.999550845 211.647470789
-0.574707370 -0.818296285 0.010130610 7112.258203992 0.818352499 -0.574609465 0.011097262 -1367.735076624 -0.003259704 0.014668088 0.999887104 211.424000000
0 0   0 0 0 1 2 2   0 0 0 1 2 2
-0.580366278 -0.814088198 0.020893064 7111.115001305 0.814354418 -0.580120536 0.016965593 -1366.613987789 -0.001691019 0.026860540 0.999637857 211.737556817
-0.573452334 -0.819185251 0.009377931 7111.232620397 0.819234529 -0.573374173 0.009840908 -1366.273211850 -0.002684463 0.013326016 0.999907601 211.418000000
0 0   0 0 0 1 2 3   0 0 0 1 2 3
-0.569364201 -0.821831401 0.020460343 7110.142239004 0.822076743 -0.569063150 0.018913130 -1365.079356207 -0.003900201 0.027588357 0.999611814 211.705879018
-0.572036923 -0.820180005 0.008861013 7110.209995940 0.820222132 -0.571959133 0.009919888 -1364.810858841 -0.003067957 0.012942541 0.999911535 211.413000000
0 0   0 0 0 1 2 4   0 0 0 1 2 4
-0.572825521 -0.819378443 0.022156670 7108.982467705 0.819677259 -0.572649341 0.014234896 -1363.631158876 0.001024208 0.026315361 0.999653222 211.711212354
-0.570463039 -0.821267937 0.009533974 7109.186205798 0.821317181 -0.570375656 0.010473777 -1363.343802769 -0.003163830 0.013805319 0.999899697 211.408000000
0 0   0 0 0 1 2 5   0 0 0 1 2 5
-0.566694672 -0.823684012 0.020072987 7107.960712085 0.823916669 -0.566387609 0.019162421 -1362.206182827 -0.004414712 0.027397637 0.999614965 211.699079566
-0.568728247 -0.822463523 0.010096305 7108.165186779 0.822516991 -0.568623725 0.011526430 -1361.873489773 -0.003739070 0.014859788 0.999882596 211.402000000
0 0   0 0 0 1 2 6   0 0 0 1 2 6
-0.575515658 -0.817536748 0.020408948 7106.868858333 0.817781286 -0.575204903 0.019336723 -1360.741029935 -0.004069178 0.027818568 0.999604842 211.718361633
-0.566598200 -0.823921454 0.010950636 7107.146097885 0.823987775 -0.566491156 0.011485491 -1360.398498183 -0.003259704 0.015530849 0.999874076 211.395000000
0 0   0 0 0 1 2 7   0 0 0 1 2 7
-0.576450976 -0.816904372 0.019301748 7105.641187908 0.817106528 -0.576084105 0.021557816 -1359.798329906 -0.006491263 0.028198531 0.999581401 211.652680505
-0.563988062 -0.825681597 0.012937020 7106.129081536 0.825775729 -0.563848441 0.013014664 -1358.921068240 -0.003451450 0.018023192 0.999831612 211.389000000
0 0   0 0 0 1 2 8   0 0 0 1 2 8
-0.574299224 -0.818332537 0.022654688 7104.603667996 0.818626856 -0.573876465 0.022726920 -1358.248503359 -0.005597207 0.031597712 0.999485080 211.761131213
-0.561209899 -0.827551553 0.014208314 7105.117814454 0.827657918 -0.561011237 0.015772206 -1357.440517776 -0.005081289 0.020611142 0.999774655 211.383000000
0 0   0 0 0 1 2 9   0 0 0 1 2 9
-0.566165764 -0.823997977 0.022014592 7103.850289496 0.824237937 -0.565620679 0.026566092 -1356.304469125 -0.009438517 0.033185997 0.999404668 211.661280627
-0.558429536 -0.829407999 0.015453951 7104.110683080 0.829536397 -0.558208041 0.016527221 -1355.951275671 -0.005081289 0.022048903 0.999743980 211.374000000
0 0   0 0 0 1 3 0   0 0 0 1 3 0
-0.557059311 -0.830067331 0.025964293 7102.870960117 0.830466019 -0.556651049 0.021599087 -1354.731226328 -0.003475668 0.033594351 0.999429516 211.765095493
-0.555565649 -0.831313232 0.016282515 7103.107477920 0.831462455 -0.555355192 0.015836559 -1354.458319029 -0.004122562 0.022336548 0.999742008 211.363000000
0 0   0 0 0 1 3 1   0 0 0 1 3 1
-0.561594120 -0.826951790 0.027636496 7101.946686919 0.827413091 -0.561309593 0.017883184 -1353.280819691 0.000724073 0.032909809 0.999458075 211.688259656
-0.552297287 -0.833461168 0.017612140 7102.106959862 0.833646680 -0.552149357 0.012817957 -1352.959234206 -0.000958738 0.021761625 0.999762728 211.354000000
0 0   0 0 0 1 3 2   0 0 0 1 3 2
-0.551685544 -0.833538591 0.029282533 7100.858411598 0.834051584 -0.551401798 0.017738699 -1351.829312334 0.001360525 0.034209244 0.999413781 211.741866855
-0.548936014 -0.835660161 0.018475581 7101.112283480 0.835863825 -0.548826893 0.010986712 -1351.457325309 0.000958738 0.021474072 0.999768946 211.352000000
0 0   0 0 0 1 3 3   0 0 0 1 3 3
-0.557691754 -0.829645897 0.025857705 7099.710558514 0.830047965 -0.557379718 0.018679618 -1350.544064898 -0.001084932 0.031880520 0.999491107 211.715000080
-0.545807001 -0.837730605 0.017382520 7100.127393861 0.837910837 -0.545679990 0.011780384 -1349.957089237 -0.000383495 0.020994818 0.999779511 211.355000000
0 0   0 0 0 1 3 4   0 0 0 1 3 4
-0.543543271 -0.838997213 0.025406806 7098.936505712 0.839370181 -0.543127636 0.021699829 -1348.773552378 -0.004406978 0.033120420 0.999441686 211.647532623
-0.542827968 -0.839702980 0.015385131 7099.150886610 0.839836421 -0.542654660 0.014167076 -1348.454775282 -0.003547323 0.020611278 0.999781272 211.356000000
0 0   0 0 0 1 3 5   0 0 0 1 3 5
-0.541132658 -0.840384676 0.030499201 7098.029611912 0.840934212 -0.540881214 0.016674196 -1347.319109794 0.002483680 0.034670683 0.999395724 211.678855571
-0.539917895 -0.841589016 0.014717139 7098.183340790 0.841692440 -0.539683742 0.017184128 -1346.957613619 -0.006519372 0.021665323 0.999744023 211.351000000
0 0   0 0 0 1 3 6   0 0 0 1 3 6
-0.536305059 -0.843681313 0.024078962 7096.869473199 0.843986783 -0.535791552 0.024789553 -1345.977001354 -0.008013192 0.033616995 0.999402619 211.752843212
-0.537084968 -0.843393813 0.015053692 7097.224999713 0.843490614 -0.536807189 0.019016468 -1345.463508993 -0.007957442 0.022911107 0.999705837 211.340000000
0 0   0 0 0 1 3 7   0 0 0 1 3 7
-0.542841639 -0.839393752 0.027239435 7096.121991553 0.839797244 -0.542221139 0.027156197 -1344.431594094 -0.008024961 0.037617023 0.999259892 211.683749587
-0.534415229 -0.845060348 0.016533977 7096.278888334 0.845188144 -0.534116226 0.019412842 -1343.974678248 -0.007573958 0.024348840 0.999674832 211.325000000
0 0   0 0 0 1 3 8   0 0 0 1 3 8
-0.536449977 -0.843296089 0.032771099 7095.168941134 0.843932559 -0.536051404 0.020670553 -1342.908110860 0.000135572 0.038745224 0.999248986 211.686449115
-0.531664680 -0.846753983 0.018448869 7095.342108533 0.846937308 -0.531386921 0.018031527 -1342.489935955 -0.005464779 0.025211762 0.999667196 211.310000000
0 0   0 0 0 1 3 9   0 0 0 1 3 9
-0.541634011 -0.840131310 0.028510056 7094.190940438 0.840601488 -0.541122240 0.024008525 -1341.724236269 -0.004742908 0.036969341 0.999305043 211.672723806
-0.528579540 -0.848689613 0.018155184 7094.418875197 0.848875117 -0.528356625 0.015821278 -1341.012813459 -0.003834943 0.023774288 0.999709996 211.300000000
0 0   0 0 0 1 4 0   0 0 0 1 4 0
-0.534881242 -0.844335325 0.031635897 7093.291430809 0.844924637 -0.534403213 0.022718905 -1339.972120217 -0.002276071 0.038881781 0.999241177 211.637800584
-0.524995692 -0.850891634 0.019051267 7093.504321583 0.851100024 -0.524785510 0.015130057 -1339.544434176 -0.002876210 0.024157749 0.999704021 211.292000000
0 0   0 0 0 1 4 1   0 0 0 1 4 1
-0.518488363 -0.854422564 0.033657538 7092.407787693 0.855083914 -0.518020757 0.022057457 -1338.314510033 -0.001411107 0.040216470 0.999189974 211.600807412
-0.521237797 -0.853201580 0.018926763 7092.601968238 0.853408381 -0.521047905 0.014255388 -1338.081098873 -0.002300969 0.023582706 0.999719241 211.287000000
0 0   0 0 0 1 4 2   0 0 0 1 4 2
-0.510821813 -0.859233972 0.027911097 7091.478497271 0.859667614 -0.510322820 0.023297459 -1336.758520707 -0.005774318 0.035895034 0.999338893 211.586552290
-0.517791374 -0.855348533 0.016461453 7091.715626985 0.855490671 -0.517567078 0.016125521 -1336.626238713 -0.005273035 0.022432276 0.999734459 211.286000000
0 0   0 0 0 1 4 3   0 0 0 1 4 3
-0.514128932 -0.857303858 0.026506303 7090.681090689 0.857648370 -0.513463828 0.028192781 -1335.331689868 -0.010559767 0.037227728 0.999251050 211.595266035
-0.513922458 -0.857682283 0.016272929 7090.838859502 0.857800620 -0.513634557 0.018911326 -1335.178453000 -0.007861570 0.023677884 0.999688728 211.278000000
0 0   0 0 0 1 4 4   0 0 0 1 4 4
-0.509719477 -0.859809348 0.030249735 7090.003722199 0.860316359 -0.509122378 0.025513055 -1333.827454083 -0.006535564 0.039028755 0.999216771 211.637593606
-0.510140801 -0.859884283 0.018851580 7089.970402217 0.860069695 -0.509851753 0.018201896 -1333.728951706 -0.006040013 0.025499203 0.999656595 211.262000000
0 0   0 0 0 1 4 5   0 0 0 1 4 5
-0.500302653 -0.865066141 0.036864443 7089.118886762 0.865844523 -0.499678629 0.025205746 -1332.468759541 -0.003384284 0.044529283 0.999002443 211.540106003
-0.506514595 -0.861958472 0.021692360 7089.116695266 0.862224858 -0.506252527 0.016633503 -1332.285340776 -0.003355577 0.027128804 0.999626314 211.250000000
0 0   0 0 0 1 4 6   0 0 0 1 4 6
-0.501578439 -0.864441388 0.034077255 7087.963043254 0.865103143 -0.500998618 0.024447341 -1331.064413366 -0.004060655 0.041742510 0.999120253 211.531144034
-0.503122202 -0.863889203 0.023738026 7088.276445099 0.864210493 -0.502838169 0.017146407 -1330.850804174 -0.002876210 0.029141389 0.999571161 211.244000000
0 0   0 0 0 1 4 7   0 0 0 1 4 7
-0.502274279 -0.864040265 0.034000259 7087.250765655 0.864690428 -0.501618197 0.026274992 -1329.501066277 -0.005647522 0.042596855 0.999076512 211.568280533
-0.499720691 -0.865812936 0.025439929 7087.446553986 0.866180469 -0.499391051 0.018438367 -1329.422474716 -0.003259704 0.031249603 0.999506296 211.239000000
0 0   0 0 0 1 4 8   0 0 0 1 4 8
-0.494253495 -0.868327702 0.041491220 7086.373305350 0.869309582 -0.493899299 0.019106613 -1328.174510509 0.003901658 0.045512127 0.998956288 211.510772093
-0.496396350 -0.867655927 0.027637949 7086.626521921 0.868092420 -0.496051241 0.018673940 -1327.996581700 -0.002492716 0.033261970 0.999443559 211.232000000
0 0   0 0 0 1 4 9   0 0 0 1 4 9
-0.492571487 -0.869344385 0.040182730 7085.606676965 0.870263993 -0.491837209 0.027155841 -1326.793344695 -0.003844436 0.048345675 0.998823350 211.569596191
-0.493231670 -0.869381837 0.029962350 7085.816493436 0.869897466 -0.492900748 0.018090098 -1326.574741761 -0.000958738 0.034986781 0.999387315 211.227000000
0 0   0 0 0 1 5 0   0 0 0 1 5 0
-0.495727552 -0.867501425 0.041187199 7084.651771552 0.868478129 -0.495121440 0.024518442 -1325.242788088 -0.000877141 0.047924546 0.998850626 211.453002504
-0.490560749 -0.870834441 0.031583649 7085.017565726 0.871406974 -0.490246392 0.017560195 -1325.158772820 0.000191748 0.036136554 0.999346843 211.224000000
0 0   0 0 0 1 5 1   0 0 0 1 5 1
-0.490588286 -0.870601879 0.037100292 7083.929664258 0.871391872 -0.490161525 0.020457861 -1323.756144857 0.000374460 0.042365183 0.999102134 211.511884271
-0.488219611 -0.872210010 0.029854799 7084.228843968 0.872720788 -0.487926331 0.016921028 -1323.746940083 -0.000191748 0.034316081 0.999411011 211.225000000
0 0   0 0 0 1 5 2   0 0 0 1 5 2
-0.483153863 -0.874793178 0.036058618 7083.156660561 0.875532708 -0.482630142 0.022611998 -1322.424052427 -0.002377866 0.042495471 0.999093870 211.512690783
-0.485958295 -0.873527088 0.028195089 7083.446281389 0.873980480 -0.485644345 0.017541115 -1322.342597474 -0.001629854 0.033166208 0.999448521 211.226000000
0 0   0 0 0 1 5 3   0 0 0 1 5 3
-0.480980534 -0.875807413 0.040251325 7082.536292354 0.876729910 -0.480376445 0.024164486 -1321.001008143 -0.001827668 0.046912075 0.998897468 211.556991001
-0.483862625 -0.874663680 0.028989761 7082.667651574 0.875143629 -0.483567861 0.016904220 -1320.940846247 -0.000766990 0.033549525 0.999436762 211.222000000
0 0   0 0 0 1 5 4   0 0 0 1 5 4
-0.480002751 -0.876226909 0.042719573 7081.592838567 0.877267558 -0.479417375 0.023696720 -1319.575719846 -0.000283219 0.048850871 0.998806236 211.511327117
-0.482015043 -0.875615000 0.030981753 7081.897675014 0.876161241 -0.481782312 0.015075956 -1319.540942314 0.001725728 0.034411848 0.999406247 211.218000000
0 0   0 0 0 1 5 5   0 0 0 1 5 5
-0.482165347 -0.874933145 0.044830296 7081.031045728 0.876077439 -0.481673786 0.021898772 -1318.203915945 0.002433593 0.049833526 0.998754775 211.520400996
-0.480583230 -0.876244956 0.035135964 7081.134949040 0.876939875 -0.480376246 0.014666896 -1318.149385857 0.004026689 0.037860792 0.999274910 211.219000000
0 0   0 0 0 1 5 6   0 0 0 1 5 6
-0.488867538 -0.871085640 0.047111324 7080.188841878 0.872347780 -0.488416410 0.021437105 -1316.853011260 0.004336362 0.051577251 0.998659798 211.603974044
-0.479147032 -0.876858342 0.039211861 7080.379480545 0.877710442 -0.478987274 0.013984710 -1316.761449154 0.006519372 0.041117392 0.999133053 211.223000000
0 0   0 0 0 1 5 7   0 0 0 1 5 7
-0.477486112 -0.877229896 0.049758301 7079.549333481 0.878633268 -0.476934374 0.023193557 -1315.493384847 0.003385334 0.054793787 0.998492188 211.535436658
-0.477887534 -0.877565180 0.038766732 7079.633310865 0.878404622 -0.477682745 0.014983835 -1315.381613981 0.005368907 0.041213464 0.999135939 211.234000000
0 0   0 0 0 1 5 8   0 0 0 1 5 8
-0.477309600 -0.877646788 0.043736795 7078.869609733 0.878730160 -0.476538079 0.027305081 -1314.137280206 -0.003121992 0.051465708 0.998670162 211.693788716
-0.476462097 -0.878483601 0.035361460 7078.895402901 0.879194965 -0.476089694 0.018836556 -1314.012803266 0.000287621 0.040064522 0.999197053 211.246000000
0 0   0 0 0 1 5 9   0 0 0 1 5 9
-0.470319423 -0.881333115 0.045309678 7078.023892502 0.882493022 -0.469546505 0.027075016 -1312.729186125 -0.002587130 0.052719268 0.998606350 211.609337990
-0.474690189 -0.879460825 0.034898164 7078.155506660 0.880150652 -0.474224964 0.021107170 -1312.644569330 -0.002013349 0.040735008 0.999167957 211.247000000
0 0   0 0 0 1 6 0   0 0 0 1 6 0
-0.472728772 -0.879973564 0.046641760 7077.291166917 0.881207634 -0.471989993 0.026447261 -1311.444777648 -0.001258470 0.053603345 0.998561814 211.584949654
-0.472918050 -0.880355906 0.036359273 7077.421742295 0.881106412 -0.472519714 0.019406469 -1311.276212552 0.000095874 0.041214058 0.999150335 211.242000000
0 0   0 0 0 1 6 1   0 0 0 1 6 1
-0.475176738 -0.878605573 0.047547043 7076.143721160 0.879890297 -0.474546431 0.024487728 -1310.382924001 0.001048199 0.053472074 0.998569069 211.576236604
-0.471225356 -0.881199042 0.037880242 7076.696672340 0.882007512 -0.470937109 0.016762677 -1309.914862093 0.003067957 0.041309656 0.999141682 211.240000000
0 0   0 0 0 1 6 2   0 0 0 1 6 2
-0.476561471 -0.878142023 0.041918690 7075.564230524 0.879140695 -0.475947535 0.024216869 -1309.172320449 -0.001314777 0.048393152 0.998827777 211.570456926
-0.469787068 -0.882006638 0.036937803 7075.980435533 0.882774094 -0.469522583 0.016076186 -1308.562800247 0.003163830 0.040160120 0.999188248 211.245000000
0 0   0 0 0 1 6 3   0 0 0 1 6 3
-0.468237388 -0.882684161 0.040297028 7075.107257387 0.883600894 -0.467644556 0.023640625 -1307.338141508 -0.002022543 0.046675816 0.998908337 211.565581337
-0.468349984 -0.882963262 0.032002669 7075.272866817 0.883542951 -0.468026892 0.017397785 -1307.220859095 -0.000383495 0.036423985 0.999336353 211.253000000
0 0   0 0 0 1 6 4   0 0 0 1 6 4
-0.464939890 -0.884407265 0.040695078 7074.413016009 0.885331090 -0.464206816 0.026489479 -1305.975735488 -0.004536576 0.048344532 0.998820708 211.584999998
-0.466570101 -0.883946496 0.030837211 7074.564028340 0.884483703 -0.466248382 0.017350074 -1305.882111046 -0.000958738 0.035370036 0.999373825 211.252000000
0 0   0 0 0 1 6 5   0 0 0 1 6 5
-0.462967188 -0.885486716 0.039697920 7073.729260109 0.886375517 -0.462538884 0.019922227 -1304.621998303 0.000720940 0.044410503 0.999013353 211.527325339
-0.464531983 -0.884984875 0.031808947 7073.860174962 0.885551672 -0.464346425 0.013439959 -1304.543469280 0.002876210 0.034411757 0.999403601 211.248000000
0 0   0 0 0 1 6 6   0 0 0 1 6 6
-0.452689424 -0.890766633 0.040102516 7073.015954240 0.891668073 -0.452280123 0.019269489 -1303.241880612 0.000972928 0.044481126 0.999009972 211.542372773
-0.462744630 -0.885983705 0.030004703 7073.168701581 0.886478668 -0.462655758 0.010257725 -1303.214777162 0.004793672 0.031345236 0.999497122 211.252000000
0 0   0 0 0 1 6 7   0 0 0 1 6 7
-0.462081428 -0.886053118 0.037305784 7072.351406379 0.886836528 -0.461743758 0.017726192 -1302.055355547 0.001519340 0.041274974 0.999146853 211.613283905
-0.460791828 -0.887078472 0.027616585 7072.485328512 0.887502946 -0.460673504 0.010883222 -1301.899500780 0.003067957 0.029524700 0.999559343 211.261000000
0 0   0 0 0 1 6 8   0 0 0 1 6 8
-0.454273083 -0.890062535 0.037759440 7071.319397934 0.890857793 -0.454004743 0.015895296 -1300.836732458 0.002995131 0.040858994 0.999160596 211.567095030
-0.458579548 -0.888278909 0.025794910 7071.807477144 0.888651495 -0.458444853 0.011262164 -1300.589260725 0.001821601 0.028087284 0.999603815 211.266000000
0 0   0 0 0 1 6 9   0 0 0 1 6 9
-0.470155028 -0.881861096 0.035725973 7070.700139496 0.882579979 -0.469892397 0.015945678 -1299.504763851 0.002725463 0.039027872 0.999234560 211.540681769
-0.455934817 -0.889662263 0.024990012 7071.135895832 0.890007547 -0.455851988 0.009248360 -1299.281846082 0.003163830 0.026457949 0.999644921 211.268000000
0 0   0 0 0 1 7 0   0 0 0 1 7 0
-0.454529342 -0.889997902 0.036163906 7070.087911607 0.890728269 -0.454270973 0.015540542 -1297.945335781 0.002597138 0.039275750 0.999225142 211.596979613
-0.453200394 -0.891070361 0.024556334 7070.472795744 0.891398680 -0.453153691 0.007753999 -1297.983377812 0.004218435 0.025403599 0.999668376 211.272000000
0 0   0 0 0 1 7 1   0 0 0 1 7 1
-0.458251394 -0.888121089 0.035321269 7069.523124228 0.888822892 -0.457884791 0.018325638 -1296.785384690 -0.000102338 0.039792007 0.999208035 211.529765444
-0.450381005 -0.892501798 0.024443618 7069.820304145 0.892834193 -0.450272779 0.010076111 -1296.698246911 0.002013349 0.026362187 0.999650430 211.280000000
0 0   0 0 0 1 7 2   0 0 0 1 7 2
-0.444466640 -0.895155164 0.033877664 7068.952207413 0.895791365 -0.444029030 0.019913139 -1295.530746001 -0.002782704 0.039197945 0.999227639 211.578154965
-0.447211825 -0.894103511 0.024093462 7069.177898395 0.894427562 -0.447020413 0.013118176 -1295.419779156 -0.000958738 0.027416460 0.999623638 211.284000000
0 0   0 0 0 1 7 3   0 0 0 1 7 3
-0.448536044 -0.893061502 0.035463959 7068.261630427 0.893758939 -0.448032556 0.021502630 -1294.328012684 -0.003314184 0.041340832 0.999139687 211.559062202
-0.443778359 -0.895808942 0.024230299 7068.543354885 0.896135840 -0.443581030 0.013282505 -1294.143511601 -0.001150485 0.027608128 0.999618161 211.283000000
0 0   0 0 0 1 7 4   0 0 0 1 7 4
-0.446192617 -0.894110467 0.038467394 7067.814195391 0.894925103 -0.445998256 0.013969678 -1292.988898059 0.004665929 0.040658503 0.999162284 211.584734247
-0.439994285 -0.897660696 0.024704344 7067.918233304 0.898000553 -0.439833619 0.011890967 -1292.875005573 0.000191748 0.027416472 0.999624079 211.280000000
0 0   0 0 0 1 7 5   0 0 0 1 7 5
-0.439017554 -0.897684954 0.037767487 7067.187991865 0.898478763 -0.438626188 0.018532605 -1291.783718576 -0.000070653 0.042069321 0.999114768 211.615965696
-0.435856441 -0.899713073 0.023356997 7067.304237603 0.900014547 -0.435758603 0.009394423 -1291.616006423 0.001725728 0.025116257 0.999683048 211.279000000
0 0   0 0 0 1 7 6   0 0 0 1 7 6
-0.439308450 -0.897655744 0.034976481 7066.505179791 0.898336295 -0.438943261 0.017923133 -1290.627699905 -0.000736133 0.039294323 0.999227482 211.584133505
-0.431451041 -0.901882880 0.021383891 7066.700923036 0.902135737 -0.431357231 0.009058254 -1290.368121381 0.001054612 0.023199366 0.999730302 211.283000000
0 0   0 0 0 1 7 7   0 0 0 1 7 7
-0.432809277 -0.900959732 0.030803446 7065.865960709 0.901470960 -0.432353388 0.020522146 -1289.325915092 -0.005171668 0.036650491 0.999314805 211.588975333
-0.427206469 -0.903972800 0.018105503 7066.110706161 0.904148893 -0.427050401 0.011947173 -1289.131729594 -0.003067957 0.021473981 0.999764700 211.288000000
0 0   0 0 0 1 7 8   0 0 0 1 7 8
-0.427170745 -0.903772424 0.026865754 7065.326529180 0.904141283 -0.426726110 0.020829767 -1288.079914943 -0.007361063 0.033188210 0.999422087 211.674440435
-0.422688935 -0.906127701 0.016329574 7065.530400997 0.906257769 -0.422501803 0.013750740 -1287.901267739 -0.005560652 0.020611089 0.999772105 211.286000000
0 0   0 0 0 1 7 9   0 0 0 1 7 9
-0.428352449 -0.903136503 0.029323387 7064.813325452 0.903589761 -0.427888474 0.020917416 -1286.783103419 -0.006344157 0.035456238 0.999351241 211.604782241
-0.417908875 -0.908310359 0.018012884 7064.957887987 0.908483441 -0.417755140 0.011767790 -1286.673532467 -0.003163830 0.021282271 0.999768501 211.275000000
0 0   0 0 0 1 8 0   0 0 0 1 8 0
-0.420290519 -0.906924553 0.029069065 7064.259620042 0.907383990 -0.419956649 0.017066448 -1285.551916999 -0.003270248 0.033549575 0.999431896 211.612846224
-0.412677929 -0.910679236 0.018980438 7064.400112185 0.910876964 -0.412594885 0.008283499 -1285.455716230 0.000287621 0.020707261 0.999785540 211.268000000
0 0   0 0 0 1 8 1   0 0 0 1 8 1
-0.421306463 -0.906413403 0.030281160 7063.870263601 0.906915779 -0.420986203 0.016583355 -1284.316544019 -0.002283439 0.034449040 0.999404050 211.674378554
-0.407168768 -0.913157298 0.018903547 7063.857165735 0.913352921 -0.407085887 0.008217226 -1284.253959466 0.000191748 0.020611407 0.999787544 211.269000000
0 0   0 0 0 1 8 2   0 0 0 1 8 2
-0.399573585 -0.916237809 0.029164088 7063.382016587 0.916694771 -0.399247139 0.016523805 -1283.056080578 -0.003496069 0.033336948 0.999438247 211.653301671
-0.401292671 -0.915765593 0.018373097 7063.326790197 0.915947878 -0.401169058 0.010142544 -1283.062675436 -0.001917475 0.020898928 0.999779755 211.271000000
0 0   0 0 0 1 8 3   0 0 0 1 8 3
-0.395638904 -0.917937273 0.029366079 7062.890672652 0.918385196 -0.395210080 0.019447258 -1281.887918298 -0.006245603 0.034663371 0.999379669 211.722268751
-0.394871879 -0.918569284 0.017512007 7062.808939780 0.918732815 -0.394746970 0.010239323 -1281.876732761 -0.002492716 0.020132076 0.999794222 211.269000000
0 0   0 0 0 1 8 4   0 0 0 1 8 4
-0.391131718 -0.919955440 0.026444937 7062.335828633 0.920323742 -0.390823541 0.016178047 -1280.731134247 -0.004547790 0.030665561 0.999519486 211.704770395
-0.387637931 -0.921659528 0.016749573 7062.303193650 0.921810871 -0.387549013 0.008395334 -1280.697751060 -0.001246359 0.018694288 0.999824470 211.265000000
0 0   0 0 0 1 8 5   0 0 0 1 8 5
-0.382848860 -0.923373282 0.028459337 7061.864769809 0.923799057 -0.382503964 0.016927803 -1279.586996522 -0.004744882 0.032771408 0.999451753 211.715394939
-0.380024592 -0.924803938 0.017860206 7061.810888597 0.924976378 -0.379955742 0.007234197 -1279.529443749 0.000095874 0.019269441 0.999814322 211.262000000
0 0   0 0 0 1 8 6   0 0 0 1 8 6
-0.376560470 -0.925901957 0.030153449 7061.447085032 0.926390423 -0.376294409 0.014279363 -1278.345292423 -0.001874728 0.033310818 0.999443437 211.728534727
-0.372384894 -0.927894534 0.018472246 7061.334772793 0.928077415 -0.372339522 0.005965887 -1278.367280597 0.001342233 0.019365280 0.999811574 211.260000000
0 0   0 0 0 1 8 7   0 0 0 1 8 7
-0.359686757 -0.932598323 0.029787343 7060.931281535 0.933073459 -0.359501589 0.011543139 -1277.130229110 -0.000056528 0.031945599 0.999489787 211.652778180
-0.364362132 -0.931091321 0.017583747 7060.872785180 0.931253473 -0.364350090 0.003997649 -1277.209040640 0.002684463 0.017831518 0.999837402 211.261000000
0 0   0 0 0 1 8 8   0 0 0 1 8 8
-0.349293396 -0.936559505 0.029188628 7060.390093289 0.937010129 -0.349209695 0.008086433 -1276.032257230 0.002619510 0.030174486 0.999541385 211.709089836
-0.355862077 -0.934373827 0.017542320 7060.419302375 0.934525188 -0.355894451 0.001346139 -1276.048652503 0.004985417 0.016872780 0.999845215 211.262000000
0 0   0 0 0 1 8 9   0 0 0 1 8 9
-0.344604147 -0.938061958 0.035907147 7059.979968702 0.938541099 -0.345079921 -0.007823488 -1274.977207147 0.019729721 0.031004237 0.999324648 211.592227425
-0.347065563 -0.937718707 0.015136785 7059.979050447 0.937826045 -0.347105617 -0.000020232 -1274.890366302 0.005273035 0.014188649 0.999885432 211.269000000
0 0   0 0 0 1 9 0   0 0 0 1 9 0
-0.374010189 -0.927263571 0.017325646 7059.339628295 0.927421543 -0.373893065 0.009694501 -1273.933465187 -0.002511430 0.019693943 0.999802995 211.650867657
-0.338062569 -0.941035406 0.012886572 7059.550104115 0.941121874 -0.338056745 0.002693619 -1273.732867911 0.001821601 0.013038446 0.999913337 211.279000000
0 0   0 0 0 1 9 1   0 0 0 1 9 1
-0.337942024 -0.940722551 0.028944868 7058.880396918 0.941085022 -0.338159309 -0.002819893 -1272.721628762 0.012440691 0.026286539 0.999577118 211.622259215
-0.329114749 -0.944213537 0.012011626 7059.131440808 0.944287789 -0.329060253 0.006318377 -1272.571175655 -0.002013349 0.013421902 0.999907895 211.284000000
0 0   0 0 0 1 9 2   0 0 0 1 9 2
-0.394357766 -0.918643149 0.024048886 7058.233614937 0.918895776 -0.394499291 -0.001249871 -1271.370732266 0.010635432 0.021605447 0.999710119 211.482908129
-0.320410152 -0.947193259 0.012738339 7058.722042890 0.947277960 -0.320361805 0.005725453 -1271.394857942 -0.001342233 0.013901241 0.999902472 211.280000000
0 0   0 0 0 1 9 3   0 0 0 1 9 3
-0.355660794 -0.934358338 0.021947952 7057.802802766 0.934615307 -0.355577731 0.007716251 -1269.754781130 0.000594453 0.023257179 0.999729508 211.209070376
-0.312224021 -0.949890766 0.014956361 7058.321594667 0.950005482 -0.312224052 0.002392794 -1270.210304050 0.002396843 0.014955713 0.999885284 211.275000000
0 0   0 0 0 1 9 4   0 0 0 1 9 4
-0.269339003 -0.962628346 0.028374839 7057.855472504 0.963031953 -0.269060165 0.013303778 -1268.889248555 -0.005172053 0.030909015 0.999509025 211.220110497
-0.305199492 -0.952111017 0.018381573 7057.932331761 0.952275886 -0.305237716 0.000757480 -1269.024520264 0.004889545 0.017735511 0.999830758 211.275000000
0 0   0 0 0 1 9 5   0 0 0 1 9 5
-0.241895489 -0.970101964 0.019766631 7057.378834045 0.969432233 -0.240765835 0.047263815 -1267.559721209 -0.041091546 0.030595226 0.998687058 211.101237745
-0.299076457 -0.954009756 0.020461123 7057.553856424 0.954217110 -0.299111640 0.001390435 -1267.837746028 0.004793672 0.019940200 0.999789682 211.281000000
0 0   0 0 0 1 9 6   0 0 0 1 9 6
-0.245878909 -0.969213339 0.013079153 7057.018895671 0.967763621 -0.244707148 0.059606479 -1266.651846993 -0.054570772 0.027313424 0.998136514 211.030462375
-0.293584697 -0.955696797 0.021252230 7057.183843645 0.955929022 -0.293575555 0.003619138 -1266.650817610 0.002780337 0.021378147 0.999767595 211.289000000
0 0   0 0 0 1 9 7   0 0 0 1 9 7
-0.272780252 -0.962041913 0.008270464 7056.630067635 0.959136552 -0.271265192 0.080456686 -1265.872483455 -0.075159125 0.029879417 0.996724111 210.998275109
-0.288999990 -0.957072687 0.022155766 7056.821919972 0.957328793 -0.288941033 0.005887452 -1265.467449118 0.000766990 0.022911826 0.999737195 211.293000000
